200 130 35 金
220 133 15 金(官方純色)
25 25 25 黑
230 230 230 白
200 35 35 紅
220 15 15 紅(官方純色)
200 96 35 橙
200 159 35 黃
215 201 30 黃(官方純色)
88 200 35 綠
81 210 15 綠(官方純色)
35 177 200 青
15 167 220 青(官方純色)
35 35 200 藍
15 15 220 藍(官方純色)
81 35 200 紫
97 12 177 紫(官方純色)
200 35 200 洋紅
171 60 100 粉紅
251 191 227 粉紅
250 182 196 粉紅
61 159 159 藍綠
52 72 98 午夜藍
16 0 220 純深藍
15 15 220 深藍
158 190 222 淡藍
79 116 187 湛藍
57 115 220 亮寶藍
15 167 220 寶石藍
200 130 35 純金
200 159 35 金黃
197 186 34 檸檬黃
50 167 83 深綠
145 200 35 草綠
171 60 100 豔桃粉
33 189 169 螢光藍
190 159 80 金屬金